0
0
29
29
31
31
47
0
48
48
74
74
30
30
54
49
33
92
92
266
266
123
60
60
227
68
68
0
402
402
80
56
56
31
129
59
86
86
0
183
183
34
34
32
43
43
59
59
199
37
37
33
33
50
104
104
79
79
0
112
112
100
100
100
118
118
149
149
74
74
73
101
101
60
60
48
48
128
128
1
79
59
59
35
35
87
186
152
152
158
32
32
76
76
33
33
41
41
78
0
51
51
59
59
112
112
58
58
135
135
52
52
66
66
69
68
68
30
30
101
35
59
59
51
37
37
50
50
96
36
36
27
35
41
41
41
77
77
41
68
193
193
8
29
34
34
27
45
48
48
131
80
80
62
62
78
78
136
136
31
31
42
42
48
48
82
82
43
157
33
101
39
39
29
29
47
47
53
34
34
46
76
76
48
48
115
115
41
58
57
57
57
56
56
29
31
39
90
90
112
112
240
43
0
1
0
38
38
49
49
33
51
37
39
58
58
27
47
29
46
46
59
59
54
54